-31.33
17.83
4.4
-37.99
-13.87
-48.72
37.08
-16.48
5.25
-36.21
-3
8.47
-0.04
11.62
-36.31
-45.07
-47.99
2.62
40.78
31.5
24.82
-35.05
-46.4
0.36
17.55
-7.56
7.32
14.16
12.95
2.93
-13.65
-13.51
-29.79
2.9
-17.37
-4.71
16.39
-1.09
-35.78
-1.36
-41.1
34.31
33.82
-36.82
-24.62
-41.38
-18.41
-32.98
36.87
-44.26
6.6
40.68
14.25
-19.62
9.22
-25.55
42.45
-19.59
-1.21
19.76
11.62
-42.5
27.55
-26.71
-25.63
-23.98
-20.16
29.78
-39.77
42.51
-32.62
-14.11
-45.24
-38.04
-38.6
-29.05
-37.85
25.31
47.68
-23.44
-35.53
-1.48
7.32
-1.24
42.95
-1.58
-13.85
41.41
19.32
21.96
-33.95
-18.74
8.4
41.75
-7.29
-38.24
47.28
-6.85
45.82
-34.67
-19.16
-44.09
-39.53
11.91
-9.38
-22.84
26.59
0.79
33.63
-0.11
-6.38
-0.63
3.18
30.69
-20.21
-40.48
-49.89
12.98
30.79
11.42
-48.64
-49.2
40.16
21.74
28.58
31.66
34.05
-2.68
-31.64
42.08
19.77
-2.54
-35.76
21.75
35.33
-5.39
-8.49
-22.21
-45.85
-12.29
-5.37
-40.14
44.99
-9.1
13.96
-21.17
-39.85
-8.66
3.81
37.08
27.11
-5.9
-3.15
26.71
48.32
49.78
-25.45
-12.05
49.45
35.51
-37.14
20.59
-22.07
0.68
45.97
47.19
-32.82
-30.6
5.28
26.7
-45.67
39.26
-41.19
38.79
24.2
4.26
15.25
-37.98
-44.42
-46.91
7.28
-29.31
8.8
-16.09
-20.42
4.64
-1.19
38.84
32.86
33.55
13.03
-20.02
-45.76
32.72
1.1
26.15
-3.57
10.78
-14.98
44.29
3.4
-18.39
12.46
42.77
18.7
-47.68
3.46
45.49
