-31.33
17.83
4.4
-37.99
-13.87
-48.72
37.08
-16.48
5.25
-36.21
-3
8.47
-0.04
11.62
-36.31
-45.07
-47.99
2.62
40.78
31.5
24.82
-35.05
-46.4
0.36
17.55
-7.56
7.32
14.16
12.95
2.93
-13.65
-13.51
-29.79
2.9
-17.37
-4.71
16.39
-1.09
-35.78
-1.36
-41.1
34.31
33.82
-36.82
-24.62
-41.38
-18.41
-32.98
36.87
-44.26
6.6
40.68
14.25
-19.62
9.22
-25.55
42.45
-19.59
-1.21
19.76
11.62
-42.5
27.55
-26.71
-25.63
-23.98
-20.16
29.78
-39.77
42.51
-32.62
-14.11
-45.24
-38.04
-38.6
-29.05
-37.85
25.31
47.68
-23.44
-35.53
-1.48
7.32
-1.24
42.95
-1.58
-13.85
41.41
19.32
21.96
-33.95
-18.74
8.4
41.75
-7.29
-38.24
47.28
-6.85
45.82
-34.67
-19.16
-44.09
-39.53
11.91
